world: cidade
x: -1.0480909758764714
y: 65.0
z: 0.4603821169270044
yaw: 88.92798
pitch: 0.2999953
name: Cidade
