world: mundosuvival
x: -144.75313706767656
y: 63.0
z: 82.59583295326843
yaw: 268.04932
pitch: 6.9000216
name: Survival
