spawns: 
  default: 
    world: Spawn
    x: -767.7094876682677
    y: 16.0
    z: -665.5427491794608
    yaw: -179.41095
    pitch: 1.3499793
