world: mina
x: 56.86486518673226
y: 77.0
z: -1005.5641072140268
yaw: 355.95004
pitch: 9.450005
name: mina
