world: Spawn
x: -767.397176692679
y: 16.0
z: -666.3635616095654
yaw: 180.65295
pitch: -5.4000173
name: Spawn
