socialspy: false
uuid: 79a98141-a296-3ccc-8ced-edd88e5155bf
timestamps:
  login: 1403748216176
  lastteleport: 1403745356293
  logout: 1403748223835
  kits:
    ferramenta: 1403745488906
ipAddress: 25.186.130.179
lastlocation:
  world: cidade
  x: -51.423354747248446
  y: 65.0
  z: 0.36016405971969545
  yaw: 264.75085
  pitch: -5.400023
homes:
  home:
    world: mundosuvival
    x: -299.73070855198733
    y: 62.0
    z: -25.691260467079584
    yaw: 3.1434326
    pitch: 13.949986
  w:
    world: mundosuvival
    x: -152.95637260423368
    y: 63.0
    z: -13.379886741502009
    yaw: -85.95003
    pitch: -1.7999929
  i:
    world: world_nether
    x: -223.56668867723593
    y: 57.0
    z: 118.71333127695404
    yaw: -270.9038
    pitch: -1.0500041
logoutlocation:
  world: Spawn
  x: -769.9612358370152
  y: 16.0
  z: -722.4527805580315
  yaw: -225.16092
  pitch: 17.84997
afk: false
money: '294.0841738195945'
