socialspy: false
uuid: 7105ee53-ac10-3cf6-bd0e-8e853eea02e5
timestamps:
  login: 1403752229900
  logout: 1403754166489
  lastteleport: 1403753877240
  kits:
    ferramenta: 1403743958362
ipAddress: 25.186.130.179
lastlocation:
  world: world_nether
  x: -11.04243840623462
  y: 41.0
  z: -18.652060739682728
  yaw: -256.49982
  pitch: 6.1500206
logoutlocation:
  world: cidade
  x: -30.013320573613267
  y: 79.85490918786181
  z: -9.178991721286412
  yaw: -207.02676
  pitch: 14.100041
afk: false
homes:
  casaasafe:
    world: mundosuvival
    x: -236.31347785591075
    y: 98.0
    z: 2004.299450218673
    yaw: -234.60272
    pitch: 21.45
money: '96.7014638320058'
powertools: {}
