socialspy: false
uuid: 03a162d7-4477-3c54-8e21-ea6d233ffa51
timestamps:
  login: 1403752227623
  logout: 1403754334061
  lastteleport: 1403643811536
ipAddress: 25.17.15.232
lastlocation:
  world: world
  x: -50.0
  y: 64.0
  z: 64.0
  yaw: 0.0
  pitch: 0.0
logoutlocation:
  world: cidade
  x: -51.13590305805481
  y: 65.0
  z: 48.94534401058629
  yaw: -351.1681
  pitch: 43.650112
homes:
  home:
    world: mundosuvival
    x: -243.7805593434305
    y: 89.0
    z: 2005.069851689741
    yaw: -6.7128906
    pitch: -3.8999474
  hell:
    world: world_nether
    x: -41.24781655983235
    y: 34.0
    z: -6.298401895232816
    yaw: 87.74999
    pitch: 10.649967
afk: false
money: '599.4673719977027'
