spawns: 
  default: 
    world: Spawn
    x: -767.5982026705137
    y: 17.0
    z: -666.4482519580749
    yaw: 183.20276
    pitch: -3.1500242
